0.079734, -0.132989
0.172284, -0.323325
0.241449, -0.438181
0.259725, -0.506024
0.268841, -0.560759
0.256572, -0.573927
0.273376, -0.580992
0.270924, -0.614795
0.268477, -0.601917
0.294975, -0.605576
0.289938, -0.567043
0.289214, -0.599100
0.310846, -0.640529
0.314478, -0.660214
0.296063, -0.655937
0.293040, -0.635631
0.288343, -0.618125
0.253185, -0.575061
0.242971, -0.591110
0.253701, -0.591173
0.258113, -0.600031
0.309928, -0.562767
0.296287, -0.599702
0.301552, -0.617623
0.321130, -0.634980
0.292838, -0.604807
0.314865, -0.630668
0.318232, -0.644155
0.299220, -0.671548
0.302148, -0.657672
0.287310, -0.642655
0.335641, -0.632765
0.321484, -0.638278
0.294102, -0.640477
0.266154, -0.653721
0.246165, -0.629180
0.245417, -0.691081
0.229061, -0.700799
152.570160, -0.856410
88.026978, -0.774829
50.799438, -0.763100
29.709206, -1.593448
17.278610, -1.461253
10.060711, -1.137736
5.933342, -0.921451
3.519230, -0.809460
2.203152, -0.771089
1.409664, -0.773527
0.926426, -0.735858
0.654238, -0.712600
0.483468, -0.636285
0.432913, -0.582450
0.379051, -0.612245
0.340948, -0.696871
0.309975, -0.657940
0.285510, -0.675238
0.301816, -0.650809
0.272349, -0.646462
0.285497, -0.605080
0.290771, -0.641399
0.285606, -0.621488
0.309030, -0.652063
0.292750, -0.646749
0.296766, -0.659609
0.354069, -0.684866
0.348127, -0.595969
0.340205, -0.643213
0.307911, -0.634412
0.268520, -0.632809
0.236751, -0.627602
0.203721, -0.616159
0.273457, -0.645622
0.287658, -0.628076
0.328337, -0.627477
0.299458, -0.648984
0.270448, -0.694025
0.246873, -0.653839
0.219715, -0.657515
0.225441, -0.620927
0.270427, -0.613612
0.306368, -0.614985
0.283419, -0.644579
0.281801, -0.590998
0.277418, -0.595473
0.332288, -0.645138
0.336386, -0.611274
0.314890, -0.604078
0.297935, -0.608858
0.285702, -0.677694
0.310070, -0.618244
0.300978, -0.634550
0.307999, -0.612765
0.287538, -0.647799
0.292621, -0.642644
0.290989, -0.623553
0.270338, -0.643847
0.252687, -0.638039
0.289478, -0.701240
0.245772, -0.683313
0.281740, -0.681903
0.290852, -0.640161
0.301442, -0.661498
0.301987, -0.666720
0.297738, -0.650596
0.290720, -0.653178
0.296088, -0.619215
0.295963, -0.611464
0.320759, -0.657891
0.294521, -0.692792
0.240509, -0.611073
0.265119, -0.646463
0.278214, -0.640431
0.332187, -0.622653
0.291103, -0.637497
0.200529, -0.637279
0.253388, -0.689005
0.253447, -0.653519
0.281734, -0.653048
0.301998, -0.698312
0.252248, -0.728504
0.258313, -0.705438
0.250351, -0.669015
0.253277, -0.640521
0.255137, -0.612370
3.214818, -4.924067
1.996009, -3.076623
1.264606, -2.026735
2.728367, -1.399135
1.589561, -0.928949
1.049680, -0.774934
0.711258, -0.758770
0.590918, -0.716841
0.473184, -0.679285
0.430451, -0.686503
0.390644, -0.695304
0.356339, -0.671333
0.330871, -0.635616
0.326098, -0.645615
0.309028, -0.620914
0.284999, -0.656905
0.293930, -0.658088
0.317115, -0.637753
0.296415, -0.613617
0.313554, -0.651903
0.306851, -0.678661
0.299289, -0.672368
0.336406, -0.667655
0.304270, -0.651481
0.310275, -0.691422
0.304096, -0.664811
0.319713, -0.677025
0.322962, -0.663589
0.313852, -0.689858
0.314504, -0.715180
0.331956, -0.686775
0.288143, -0.667175
0.267824, -0.624951
0.251018, -0.644778
0.244476, -0.654737
0.248083, -0.667656
0.300581, -0.690041
0.266482, -0.713142
0.302712, -0.676764
0.270482, -0.711149
0.316599, -0.678216
0.312572, -0.624789
0.321596, -0.643697
0.317753, -0.638551
0.317327, -0.635630
0.294953, -0.627151
0.266956, -0.646244
0.262755, -0.633280
0.269667, -0.636061
0.305882, -0.658863
0.295088, -0.687358
0.304388, -0.665238
0.299032, -0.673339
0.293386, -0.636872
0.287579, -0.595355
0.282983, -0.649286
0.298401, -0.665241
0.288366, -0.635232
0.260270, -0.631740
0.281348, -0.624433
0.303614, -0.640539
0.315218, -0.641080
0.302323, -0.647683
0.272484, -0.653458
0.267813, -0.615379
0.249581, -0.640821
0.251060, -0.631610
0.283507, -0.618302
0.329746, -0.664286
0.319931, -0.641747
0.266822, -0.612226
0.253486, -0.640384
0.275282, -0.679389
0.291412, -0.662137
0.325576, -0.664746
0.312591, -0.677392
0.287002, -0.696807
0.289166, -0.694558
0.306332, -0.702980
0.276547, -0.666170
0.256466, -0.640635
0.265828, -0.628408
0.256257, -0.626129
0.259400, -0.639270
0.263019, -0.624773
0.312793, -0.627109
0.271140, -0.631476
152.463150, 1.270405
87.880432, 0.480241
50.723827, -0.013481
29.347071, -0.262283
168.142303, 10.750038
249.488617, 5.926430
143.799042, 3.168219
82.955780, 1.550908
47.904690, 0.607724
27.711637, 0.055546
16.088587, -0.279896
9.367241, -0.413682
5.500826, -0.556954
3.272274, -0.571714
1.971268, -0.574743
1.273422, -0.635511
0.836424, -0.619897
0.600829, -0.650257
0.508110, -0.676937
0.416403, -0.655001
0.341683, -0.632670
0.296802, -0.643386
0.298734, -0.670788
0.326622, -0.703674
0.300895, -0.720586
0.284926, -0.698006
0.268579, -0.673496
0.293738, -0.632144
0.384911, -0.677066
0.350582, -0.615345
0.309295, -0.624328
0.349775, -0.614822
0.313098, -0.632692
0.256146, -0.658568
0.299948, -0.635000
0.284340, -0.663497
0.264803, -0.680065
0.258019, -0.693946
0.238243, -0.653832
0.242871, -0.668568
0.266021, -0.704461
0.252233, -0.647962
0.264302, -0.672256
0.255712, -0.739608
0.300178, -0.758039
0.308711, -0.697037
0.305042, -0.650391
0.293810, -0.628136
0.260404, -0.620335
0.278681, -0.590032
0.272112, -0.627252
0.289815, -0.605653
0.285668, -0.653636
0.261740, -0.633423
0.265869, -0.616958
0.256150, -0.620970
0.245664, -0.649773
0.291446, -0.691587
0.282781, -0.666610
0.275910, -0.686088
0.286746, -0.688013
0.303886, -0.662521
0.312006, -0.684703
0.284259, -0.648176
0.293126, -0.683960
0.303239, -0.666228
0.296293, -0.701720
0.276986, -0.657989
0.301731, -0.612867
0.287296, -0.621344
0.233264, -0.587574
0.260507, -0.651907
0.267879, -0.659921
0.292655, -0.677192
0.303168, -0.643201
0.269985, -0.656872
0.257472, -0.620491
0.294345, -0.636693
0.303711, -0.631582
4.777196, -10.270467
2.935582, -5.999641
1.798603, -3.762658
1.147148, -2.471749
153.247421, -0.731197
88.473305, -0.732481
51.069183, -0.689982
29.488422, -0.660643
17.114071, -0.675002
9.935356, -0.634341
5.863328, -0.685793
3.521434, -0.624402
2.133297, -0.653065
1.350543, -0.679657
0.896954, -0.677312
0.625167, -0.676115
0.503842, -0.639454
0.420970, -0.672919
0.386507, -0.611116
0.331330, -0.629177
0.326748, -0.625803
0.324228, -0.600345
0.328702, -0.598770
0.285034, -0.609248
0.289757, -0.596923
0.313128, -0.617282
0.329507, -0.623026
0.291654, -0.601000
0.264817, -0.628073
0.289117, -0.685370
0.284172, -0.670247
0.296602, -0.650992
0.303014, -0.694271
0.337998, -0.712531
0.327341, -0.704805
0.315722, -0.646040
0.292640, -0.614046
0.308651, -0.641987
0.252717, -0.613997
0.274957, -0.653901
0.285009, -0.657843
0.320874, -0.630052
0.332316, -0.648057
0.318751, -0.598684
0.340309, -0.609223
0.325050, -0.676110
0.256225, -0.633784
0.229439, -0.656153
0.245036, -0.682917
0.286845, -0.687258
0.299821, -0.631364
0.244030, -0.657912
0.402877, -0.526876
0.297548, -0.607125
0.300338, -0.610428
2.904382, -9.808474
1.924183, -5.861609
1.247934, -3.687684
0.854678, -2.420218
0.651196, -1.646179
0.484680, -1.254353
0.444339, -1.001172
0.346936, -0.854289
0.341994, -0.750915
0.318166, -0.680074
0.254524, -0.691848
0.257048, -0.678689
0.232036, -0.730080
0.251848, -0.663734
0.241688, -0.674424
0.288823, -0.628035
0.312220, -0.648348
0.355748, -0.640287
0.303528, -0.631587
0.284633, -0.683623
0.258258, -0.646357
0.239365, -0.673416
0.232908, -0.690334
0.268926, -0.631660
0.296396, -0.649103
0.271829, -0.673326
0.252564, -0.616888
0.275020, -0.627592
0.311538, -0.656698
0.276880, -0.610214
0.275554, -0.632869
0.246588, -0.637749
0.212852, -0.586695
0.306439, -0.600270
0.305153, -0.585814
0.278801, -0.589796
0.276053, -0.580090
0.265152, -0.590869
0.240532, -0.631290
0.217824, -0.615067
0.237234, -0.640277
0.276839, -0.642359
0.266881, -0.623709
0.334436, -0.646723
0.338502, -0.656166

