0.088180, -0.148494
0.153489, -0.281113
0.191767, -0.448415
0.230577, -0.520634
0.225281, -0.574205
0.250506, -0.616491
0.295634, -0.669360
0.322715, -0.633871
0.307712, -0.666933
0.297909, -0.662532
0.323237, -0.684236
0.314360, -0.667922
0.286580, -0.675125
0.298171, -0.642045
0.298608, -0.618695
0.282227, -0.633517
0.327611, -0.673126
0.324422, -0.652541
0.251138, -0.634979
0.282382, -0.590923
0.283068, -0.636366
0.290012, -0.634574
0.283226, -0.648424
0.295573, -0.663342
0.273015, -0.652015
0.237008, -0.698752
0.266285, -0.665960
0.276830, -0.676576
0.283618, -0.621057
0.258927, -0.633860
0.256954, -0.611512
0.311787, -0.636963
0.339703, -0.616524
0.310568, -0.623388
0.307027, -0.634347
0.306370, -0.646481
0.253707, -0.664926
0.223460, -0.675625
0.258345, -0.670286
0.300541, -0.669562
0.301107, -0.677111
0.295043, -0.700558
0.333780, -0.686782
0.321728, -0.694385
0.356191, -0.681467
0.310806, -0.681532
0.300258, -0.644544
0.295108, -0.649607
0.299666, -0.647952
0.216588, -0.459268
0.323389, -0.470565
0.313076, -0.547916
0.286864, -0.635235
0.291042, -0.576727
0.312142, -0.607094
0.312261, -0.643996
0.299019, -0.656737
0.299677, -0.609538
0.278643, -0.622551
0.312499, -0.637743
0.250063, -0.638048
0.297265, -0.652439
0.298059, -0.643794
0.298123, -0.651947
0.285082, -0.639383
0.261039, -0.641311
0.285467, -0.678222
0.310401, -0.656669
0.332251, -0.649982
0.322658, -0.626095
0.295903, -0.664324
0.283345, -0.705495
0.300952, -0.653554
0.298324, -0.675340
0.268464, -0.682600
0.300393, -0.701885
0.301527, -0.669327
0.326315, -0.627971
0.316793, -0.709030
0.310500, -0.702813
0.247272, -0.691752
3.034454, -6.057473
1.791905, -3.551880
1.179679, -2.256850
0.761361, -1.589408
0.553831, -1.168934
0.459589, -0.917390
0.389723, -0.803657
0.272195, -0.732606
0.317353, -0.708154
0.298644, -0.698008
0.269102, -0.657475
0.312892, -0.660641
0.283473, -0.637338
0.270972, -0.628236
0.273511, -0.683154
0.289203, -0.649656
0.276091, -0.608810
0.339693, -0.618940
0.303111, -0.644197
0.286749, -0.623236
0.314885, -0.604444
0.284430, -0.613783
0.275059, -0.670301
0.332466, -0.679359
0.341408, -0.710091
0.321512, -0.696015
0.323622, -0.681775
0.322374, -0.647264
0.303859, -0.616048
0.314469, -0.673851
0.337948, -0.639279
0.286246, -0.590051
0.273896, -0.611262
0.253235, -0.626692
0.244851, -0.597300
0.276910, -0.597139
152.331329, -0.626472
87.985237, -0.710619
50.787289, -0.705092
29.357491, -0.649450
17.063189, -0.611975
9.962708, -0.627716
5.858489, -0.572347
3.530416, -0.611852
2.153917, -0.617653
1.371779, -0.620755
0.885367, -0.636578
0.605836, -0.611887
0.469860, -0.617656
0.359029, -0.596745
0.288198, -0.655197
0.264595, -0.635738
0.279230, -0.647461
0.259452, -0.622464
0.271409, -0.556099
0.225726, -0.640869
0.288446, -0.649766
0.336155, -0.661892
0.282578, -0.685221
0.292288, -0.696474
0.298074, -0.673474
0.294307, -0.642802
0.281131, -0.659129
0.312478, -0.644125
0.293884, -0.700780
0.252456, -0.696037
0.254678, -0.641400
0.294308, -0.648725
0.314045, -0.676634
0.328504, -0.667541
0.283161, -0.663559
0.282841, -0.634229
0.291475, -0.611239
0.263871, -0.584069
0.223303, -0.632139
0.231417, -0.638476
0.234786, -0.631909
0.279107, -0.586063
0.307054, -0.606619
0.308253, -0.617330
0.293509, -0.654644
0.284349, -0.617429
0.258520, -0.677135
0.271217, -0.653682
0.294356, -0.603107
0.257228, -0.647151
0.254809, -0.579592
0.327390, -0.606529
0.297457, -0.620701
0.295657, -0.597680
0.298338, -0.644627
0.318092, -0.627085
0.279452, -0.682676
0.221797, -0.689102
0.275475, -0.683614
0.270834, -0.648877
0.238347, -0.626618
0.238886, -0.629547
0.274632, -0.647991
0.234383, -0.632086
0.257112, -0.663110
0.246932, -0.627087
0.243051, -0.682687
0.286142, -0.648986
0.273271, -0.667085
0.211557, -0.625992
0.252491, -0.578529
0.260071, -0.620592
0.291674, -0.608949
0.308192, -0.622848
0.278065, -0.586239
0.270969, -0.591391
0.244255, -0.611064
0.228485, -0.642907
0.204674, -0.652833
0.233223, -0.619327
0.267375, -0.618746
0.281074, -0.624456
0.303637, -0.640616
0.284426, -0.590399
0.272740, -0.615854
0.295461, -0.663665
0.268708, -0.649440
13.196246, -4.528154
7.766022, -2.742300
4.541514, -1.894281
2.751320, -1.381779
1.709006, -1.084179
1.121020, -0.883260
0.785181, -0.771851
0.561063, -0.692370
0.471495, -0.626638
0.397442, -0.693487
0.372432, -0.649433
0.395126, -0.632019
0.372214, -0.641922
0.315957, -0.639834
0.288119, -0.626741
0.283218, -0.567528
0.255813, -0.578047
0.257829, -0.592504
0.277411, -0.581341
0.319808, -0.615487
0.350886, -0.652434
0.332643, -0.589376
0.327209, -0.611651
0.298729, -0.633907
0.278000, -0.639501
0.311204, -0.616712
0.307832, -0.609980
0.317531, -0.632307
0.278479, -0.635907
0.284758, -0.602026
0.271346, -0.637347
0.268781, -0.607538
0.255940, -0.646433
0.327907, -0.634686
0.314492, -0.705285
0.338909, -0.704359
0.336071, -0.635185
0.320332, -0.639736
0.324498, -0.636108
0.291645, -0.608462
0.334646, -0.652810
0.296968, -0.659181
0.284895, -0.609803
0.299103, -0.689678
0.293482, -0.640404
0.321735, -0.614261
0.312324, -0.623336
0.362252, -0.615513
0.341516, -0.626840
0.380387, -0.604255
0.380073, -0.607884
0.356125, -0.626733
0.336177, -0.636184
0.317173, -0.641770
0.288693, -0.638147
0.273066, -0.682969
0.300810, -0.650737
0.268395, -0.680349
0.304138, -0.656473
0.371564, -0.588924
0.337000, -0.722095
0.324181, -0.648599
0.333604, -0.588272
152.679932, 5.958508
88.100128, 3.560921
50.843464, 1.786481
29.399477, 0.788359
17.093288, 0.241283
9.923098, -0.062270
5.858216, -0.283082
3.476866, -0.399336
2.110791, -0.523515
1.334929, -0.571231
0.920821, -0.590551
0.630166, -0.604317
0.486938, -0.582388
0.396786, -0.597791
0.364709, -0.582747
0.326468, -0.606860
0.286388, -0.635878
0.286115, -0.624140
0.253098, -0.619612
0.241182, -0.646278
0.288923, -0.591240
0.264733, -0.637257
0.255036, -0.651631
0.270063, -0.688860
0.265732, -0.572633
0.281371, -0.584560
0.266323, -0.624341
0.325126, -0.629565
0.334019, -0.600801
0.352711, -0.572171
0.330068, -0.593174
0.347204, -0.586960
0.314864, -0.609309
0.291377, -0.639818
0.314959, -0.653543
0.295209, -0.621240
0.335062, -0.569129
0.332147, -0.570583
0.275086, -0.578545
0.288364, -0.589417
0.284025, -0.623990
0.249967, -0.648959
0.316925, -0.645122
0.330822, -0.590648
0.315831, -0.606759
1.546912, 10.962196
0.997033, 6.171392
0.757780, 3.336758
0.558437, 1.654224
0.440772, 0.737227
0.395455, 0.203817
0.314484, -0.162149
0.267734, -0.371307
0.250473, -0.432669
0.302266, -0.509148
0.303182, -0.596303
0.275630, -0.641357
0.268089, -0.604044
0.279356, -0.627610
0.307332, -0.618781
0.279905, -0.620508
0.340980, -0.656359
0.325222, -0.616639
0.318380, -0.659942
0.329772, -0.646233
0.311148, -0.618328
0.282334, -0.620319
0.329710, -0.618488
0.335222, -0.588577
0.276677, -0.609499
0.278226, -0.644101
0.306698, -0.616514
0.319044, -0.596331
0.333148, -0.605117
0.259572, -0.584119
0.241910, -0.619963
0.293239, -0.617153
0.286935, -0.632598
0.326268, -0.666983
0.339179, -0.601703
0.362313, -0.623936
0.321628, -0.646670
0.343620, -0.601592
0.346055, -0.578791
0.298124, -0.581476
0.295988, -0.579505
0.295796, -0.619548
0.328504, -0.621189
0.266953, -0.624032
0.288677, -0.609676
0.270675, -0.629999
0.282985, -0.616190
0.367972, -0.593238
0.357122, -0.597585
0.280793, -0.582554
0.331911, -0.612902
0.322260, -0.625282
0.307751, -0.632610
0.314444, -0.632114
0.341048, -0.624024
0.352918, -0.637018

